0.005318
0.004620
0.005601
0.007792
0.009307
0.004954
0.009305
0.008471
0.005719
0.009712
0.004862
0.009230
0.003544
0.004562
0.004098
0.004361
0.009661
0.004853
0.009603
0.008751
0.004887
0.009263
0.009611
0.004945
0.008774
0.004265
0.007479
0.009877
0.009126
0.009197
0.009177
0.008413
0.005041
0.008793
0.004307
0.004442
0.007155
0.004454
0.004270
0.009104
0.008691
0.008727
0.004373
0.007457
0.008908
0.009450
0.007592
0.005021
0.006772
0.009521
0.004390
0.004387
0.003831
0.004101
0.008009
0.009352
0.007838
0.009055
0.007657
0.010802
0.004251
0.009973
0.004885
0.003871
0.008571
0.009674
0.009042
0.005351
0.005017
0.004809
0.004795
0.008463
0.009909
0.009132
0.004748
0.008990
0.006311
0.009558
0.010215
0.004958
0.009773
0.009603
0.004724
0.005118
0.006480
0.009589
0.006493
0.009210
0.004789
0.004731
0.004207
0.003908
0.004776
0.009589
0.007289
0.007795
0.005939
0.008847
0.004851
0.010269
0.010021
0.008271
0.009474
0.010072
0.009551
0.008511
0.008888
0.009857
0.005169
0.009545
0.009100
0.010471
0.005104
0.008522
0.009653
0.004927
0.008415
0.005074
0.004562
0.009226
0.004741
0.004694
0.008423
0.007201
0.004524
0.005443
0.008619
0.004967
0.004752
0.009656
0.009390
0.004696
0.009326
0.006421
0.010148
0.009493
0.004953
0.009747
0.008795
0.003724
0.008980
0.005629
0.009256
0.004766
0.004941
0.005295
0.004915
0.008952
0.005758
0.008459
0.008787
0.004138
0.009372
0.006010
0.004013
0.008721
0.008876
0.004224
0.008869
0.009780
0.008105
0.009151
0.004440
0.006079
0.009691
0.009424
0.004465
0.009337
0.006334
0.009041
0.008429
0.004490
0.010021
0.009398
0.004892
0.008861
0.010165
0.008805
0.004348
0.009145
0.004732
0.008692
0.004502
0.004109
0.005705
0.004222
0.004791
0.008580
0.008815
0.008793
0.008855
0.004597
0.009371
0.009801
0.004677
0.008693
0.009876
0.004649
0.004454
0.009542
0.007980
0.008763
0.004802
0.005015
0.003624
0.008814
0.009596
0.004081
0.004559
0.004904
0.005518
0.009784
0.004475
0.010052
0.009635
0.007882
0.009992
0.004118
0.004656
0.009028
0.009502
0.004011
0.004224
0.004637
0.005760
0.009135
0.004590
0.009209
0.007700
0.009289
0.010232
0.004901
0.009780
0.007412
0.009248
0.008604
0.004913
0.005331
0.004646
0.004108
0.009315
0.008865
0.008796
0.006203
0.004389
0.006439
0.003373
0.005273
0.004073
0.007477
0.006123
0.004831
0.004626
0.004276
0.004655
0.008882
0.003963
0.004764
0.007911
0.007259
0.005191
0.008717
0.004267
0.007875
0.009822
0.004774
0.004367
0.005625
0.005208
0.010573
0.005626
0.009244
0.009083
0.004429
0.004684
0.010448
0.008426
0.007210
0.005213
0.006046
0.004932
0.009473
0.004310
0.004824
0.004441
0.009660
0.004939
0.008939
0.009768
0.007249
0.004193
0.005969
0.007129
0.004607
0.005172
0.004883
0.008937
0.004419
0.004333
0.004272
0.009521
0.008788
0.009211
0.004711
0.004403
0.007779
0.004271
0.004514
0.005529
0.005922
0.004434
0.006287
0.005539
0.007859
0.004976
0.005530
0.004470
0.009205
0.004743
0.009975
0.004245
0.008898
0.009821
0.004184
0.009255
0.004659
0.005454
0.004789
0.009111
0.005007
0.004758
0.006419
0.004936
0.004467
0.009180
0.007054
0.008016
0.008821
0.009185
0.003705
0.009022
0.005785
0.004803
0.009251
0.004354
0.007026
0.008336
0.004070
0.008713
0.009295
0.006292
0.009402
0.005866
0.004359
0.008871
0.004496
0.009188
0.009297
0.004606
0.005384
0.005877
0.009973
0.004719
0.004180
0.010193
0.009610
0.004648
0.008759
0.009112
0.004266
0.004526
0.009762
0.008950
0.008703
0.009542
0.008466
0.009751
0.009086
0.009100
0.009689
0.010048
0.010207
0.004502
0.004538
0.005083
0.007616
0.009517
0.009568
0.010395
0.009333
0.004023
0.008850
0.004569
0.007865
0.008799
0.004429
0.009600
0.006226
0.009131
0.008853
0.009466
0.008754
0.004242
0.004729
0.009172
0.008587
0.004514
0.009342
0.005361
0.004550
0.009668
0.004607
0.004775
0.003637
0.004336
0.004814
0.004527
0.008669
0.008970
0.009264
0.004167
0.009981
0.008464
0.006917
0.009339
0.006562
0.004439
0.004277
0.009421
0.008794
0.009485
0.008711
0.008814
0.004695
0.009932
0.009047
0.004524
0.008839
0.008112
0.009405
0.009808
0.006978
0.010390
0.008368
0.004620
0.004711
0.004986
0.008412
0.009988
0.009717
0.006414
0.008710
0.009967
0.008984
0.009156
0.006062
0.009352
0.008007
0.009246
0.009096
0.010107
0.010013
0.006714
0.009487
0.009303
0.008023
0.006007
0.009587
0.009603
0.009279
0.009737
0.009803
0.004274
0.005053
0.009358
0.004150
0.006727
0.008016
0.004200
0.009174
0.004442
0.009310
0.004544
0.004717
0.004877
0.009253
0.004345
0.008847
0.003479
0.008832
0.009408
0.009581
0.005288
0.004058
0.004024
0.005079
0.009458
0.008796
0.007721
0.004777
0.009023
0.009042
0.004934
0.008679
0.004212
0.004993
0.005425
0.009589
0.004526
0.004375
0.005183
0.007748
0.005061
0.005176
0.009413
0.006871
0.004151
0.005093
0.004780
0.004898
0.003906
0.009383
0.006632
0.010311
0.005130
0.004706
0.009233
0.008778
0.007426
0.009351
0.009560
0.008890
0.004436
0.006459
0.004756
0.004754
0.004843
0.007586
0.004943
0.004117
0.005398
0.006255
0.004302
0.004279
0.009679
0.008853
0.007519
0.009683
0.004402
0.008666
0.009276
0.006982
0.009255
0.004532
0.004467
0.008666
0.007780
0.007154
0.004733
0.009796
0.004900
0.008876
0.009241
0.010570
0.008829
0.004355
0.006088
0.009148
0.005211
0.008350
0.008786
0.009318
0.005013
0.009334
0.004046
0.004613
0.004919
0.003875
0.005188
0.009524
0.005220
0.008854
0.004769
0.007360
0.005074
0.008769
0.004417
0.003824
0.008522
0.009456
0.009215
0.008494
0.005018
0.009779
0.004701
0.004485
0.004446
0.009379
0.007106
0.009087
0.008875
0.009113
0.009350
0.008736
0.010444
0.004948
0.008470
0.005441
0.004435
0.007984
0.009882
0.005282
0.007250
0.004661
0.003803
0.008855
0.009189
0.009340
0.008796
0.009501
0.009616
0.009287
0.004655
0.009715
0.004672
0.004198
0.009985
0.007231
0.004103
0.008071
0.008677
0.008880
0.009324
0.009195
0.004269
0.004958
0.009295
0.009533
0.010250
0.008024
0.010003
0.004526
0.009620
0.004729
0.004134
0.009519
0.004473
0.008788
0.008605
0.008532
0.009500
0.005065
0.007288
0.009605
0.007035
0.005230
0.004757
0.008343
0.009034
0.004947
0.006409
0.009647
0.004850
0.004274
0.005436
0.005196
0.004765
0.004723
0.009667
0.005095
0.009047
0.008484
0.009468
0.004387
0.009179
0.009080
0.005085
0.009043
0.004678
0.005796
0.004397
0.008605
0.008912
0.004416
0.004757
0.009220
0.009439
0.005148
0.003952
0.010282
0.008818
0.005252
0.009494
0.004986
0.005117
0.004589
0.005311
0.008734
0.010116
0.004893
0.004904
0.008526
0.005716
0.008314
0.009734
0.009655
0.005166
0.009678
0.008676
0.004956
0.009678
0.009836
0.004261
0.007610
0.004261
0.009493
0.005623
0.005410
0.004214
0.009245
0.009405
0.008301
0.005247
0.004484
0.008761
0.006919
0.009538
0.004582
0.009379
0.009225
0.009914
0.006859
0.009938
0.005018
0.009198
0.004852
0.004625
0.009682
0.009592
0.004550
0.008976
0.009163
0.004612
0.004785
0.007257
0.009273
0.004288
0.007476
0.008108
0.004378
0.009392
0.003881
0.009892
0.004326
0.008644
0.004601
0.005032
0.005052
0.008742
0.006108
0.008638
0.009558
0.005304
0.009266
0.004484
0.005379
0.005344
0.005039
0.009152
0.005139
0.004947
0.008996
0.004147
0.007958
0.004621
0.004037
0.004491
0.004320
0.005219
0.007721
0.005319
0.004438
0.008897
0.005714
0.009097
0.009609
0.005003
0.003806
0.004007
0.009685
0.009383
0.008937
0.008292
0.009124
0.009192
0.008922
0.004837
0.007674
0.003926
0.004423
0.004077
0.004561
0.008882
0.006392
0.008996
0.004662
0.004152
0.004469
0.009339
0.004967
0.004452
0.009194
0.005182
0.008401
0.004629
0.004223
0.004007
0.009175
0.010472
0.007933
0.006658
0.009085
0.005385
0.005152
0.008000
0.004222
0.008607
0.007631
0.004509
0.008864
0.006173
0.009547
0.008829
0.008544
0.004376
0.008795
0.004840
0.008181
0.009672
0.004935
0.008840
0.004839
0.005225
0.003999
0.009121
0.004890
0.003645
0.008602
0.009772
0.007336
0.004978
0.004690
0.004939
0.009543
0.009084
0.004774
0.008983
0.009315
0.009021
0.004854
0.008845
0.010034
0.004429
0.004673
0.009114
0.008270
0.004097
0.004836
0.008477
0.009441
0.008686
0.003862
0.008708
0.008988
0.005595
0.004598
0.004025
0.004702
0.004722
0.004418
0.008802
0.005443
0.004272
0.005554
0.006149
0.006256
0.008854
0.005104
0.004805
0.004843
0.003981
0.004752
0.009143
0.010024
0.004092
0.007961
0.004380
0.009017
0.004775
0.004268
0.004647
0.009386
0.004528
0.009262
0.004514
0.004478
0.009660
0.009731
0.005074
0.009583
0.008581
0.009494
0.009169
0.003587
0.008419
0.008886
0.005849
0.009640
0.009685
0.008483
0.005234
0.009032
0.008438
0.007545
0.008401
0.008291
0.008382
0.009576
0.008702
0.009900
0.004166
0.009333
0.004345
0.009298
0.009687
0.009684
0.009829
0.005607
0.009344
0.006530
0.003681
0.008801
0.004131
0.004989
0.006122
0.009405
0.009014
0.009150
0.006715
0.004506
0.005492
0.004510
0.006237
0.009577
0.008175
0.008600
0.004804
0.008376
0.008864
0.009638
0.009196
0.008512
0.009632
0.004572
0.009630
0.008969
0.006597
0.004400
0.004589
0.008788
0.006516
0.009097
0.009660
0.004696
0.003708
0.004854
0.004350
0.008948
0.003470
0.004101
0.009575
0.004636
0.008532
0.009470
0.010095
0.008741
0.009013
0.009061
0.009767
0.005089
0.006451
0.004415
0.004579
0.004612
0.004104
0.004025
0.004830
0.006842
0.006198
0.009227
