0.001671
0.006171
0.000852
0.000891
0.000878
0.000854
0.001114
0.000876
0.000892
0.001730
0.000896
0.000889
0.001360
0.000878
0.000914
0.001187
0.001184
0.001029
0.001186
0.000834
0.000830
0.000873
0.001119
0.001037
0.001267
0.000830
0.001118
0.000856
0.000907
0.000826
0.001194
0.001200
0.000912
0.000830
0.000902
0.000889
0.001103
0.001240
0.000832
0.000838
0.000983
0.001286
0.001179
0.001208
0.000827
0.000820
0.000830
0.000855
0.000827
0.000825
0.000936
0.000821
0.000825
0.000838
0.000827
0.000871
0.000827
0.000815
0.000819
0.000820
0.000840
0.001062
0.001281
0.000997
0.000816
0.000826
0.000846
0.000819
0.000849
0.000838
0.000836
0.001727
0.000826
0.000839
0.000832
0.000831
0.000845
0.000833
0.001078
0.002996
0.000823
0.000846
0.001212
0.000944
0.000826
0.001295
0.000827
0.000841
0.001198
0.000826
0.000890
0.000833
0.000876
0.000934
0.001315
0.000855
0.000817
0.000837
0.000821
0.001019
0.001172
0.000836
0.001191
0.000963
0.000846
0.001264
0.000821
0.000819
0.001132
0.000842
0.000844
0.001094
0.001293
0.000825
0.000827
0.000831
0.000851
0.000821
0.000828
0.000837
0.000866
0.000824
0.000830
0.000965
0.001193
0.000850
0.001051
0.000818
0.000885
0.000808
0.000829
0.000858
0.000910
0.000822
0.000858
0.001037
0.001344
0.000828
0.000808
0.001031
0.000887
0.000898
0.001266
0.000842
0.001170
0.001088
0.000847
0.001285
0.000908
0.000829
0.001052
0.000833
0.001296
0.000828
0.000819
0.000820
0.000825
0.007264
0.001091
0.001253
0.005200
0.001356
0.000821
0.000826
0.000821
0.000837
0.000876
0.000824
0.001259
0.001227
0.000814
0.000836
0.000842
0.000836
0.000825
0.001086
0.001360
0.000895
0.000871
0.000832
0.000844
0.000830
0.000832
0.001145
0.000851
0.000826
0.000981
0.001332
0.001022
0.000833
0.000819
0.003396
0.000813
0.000992
0.000840
0.001206
0.001142
0.000906
0.000817
0.001267
0.000831
0.000831
0.000824
0.000852
0.001167
0.000837
0.000838
0.001010
0.000895
0.000856
0.001215
0.000864
0.000816
0.000821
0.000856
0.001133
0.000816
0.000806
0.000962
0.000852
0.000829
0.000829
0.000810
0.001264
0.000835
0.000832
0.001136
0.000841
0.000823
0.000886
0.000918
0.001274
0.000831
0.000837
0.001126
0.001117
0.001370
0.000823
0.001153
0.000868
0.000822
0.000825
0.000878
0.000820
0.000962
0.000815
0.000838
0.000824
0.000826
0.000814
0.000818
0.000823
0.001112
0.001141
0.001106
0.000942
0.001314
0.000926
0.000937
0.000992
0.001284
0.001299
0.001030
0.000944
0.001108
0.001484
0.000944
0.001247
0.000813
0.000841
0.000816
0.000826
0.000823
0.001825
0.000829
0.000831
0.001045
0.000830
0.000826
0.001283
0.000879
0.000829
0.000986
0.000846
0.001933
0.001142
0.000840
0.000835
0.001378
0.001040
0.001310
0.000825
0.000922
0.000841
0.001012
0.000822
0.000819
0.001269
0.001537
0.000836
0.000934
0.001257
0.000850
0.000830
0.000838
0.000833
0.000838
0.000958
0.001330
0.000836
0.000862
0.000827
0.000819
0.000848
0.000824
0.000916
0.000825
0.001612
0.001373
0.000853
0.000827
0.000819
0.000839
0.000822
0.000859
0.001187
0.000827
0.000836
0.000816
0.000823
0.000866
0.000821
0.000827
0.000807
0.001039
0.000839
0.000825
0.000836
0.000819
0.001091
0.001470
0.001309
0.000831
0.000823
0.000875
0.001020
0.000827
0.000812
0.000949
0.000845
0.000858
0.001138
0.000853
0.002358
0.001084
0.001246
0.000848
0.000808
0.000901
0.001376
0.000813
0.000822
0.002431
0.001217
0.000827
0.000819
0.001498
0.000855
0.000813
0.000841
0.000831
0.000821
0.000841
0.000840
0.000829
0.000820
0.001544
0.000812
0.000811
0.000830
0.000852
0.000919
0.000822
0.000808
0.000830
0.000827
0.000820
0.000836
0.000831
0.000828
0.000846
0.000824
0.000829
0.000820
0.000826
0.000946
0.000824
0.001021
0.000971
0.000888
0.000816
0.000836
0.001147
0.000812
0.000814
0.000981
0.000868
0.000832
0.001299
0.000833
0.001125
0.001002
0.000876
0.001349
0.000882
0.000831
0.001098
0.000837
0.000837
0.000953
0.000898
0.000816
0.001370
0.000834
0.000812
0.000994
0.000858
0.001309
0.000902
0.000898
0.000990
0.001182
0.000827
0.001286
0.000953
0.000874
0.000915
0.001202
0.000830
0.001183
0.000980
0.000854
0.001271
0.000833
0.000819
0.001216
0.002604
0.000819
0.000829
0.001059
0.001162
0.000850
0.001148
0.001049
0.001328
0.000823
0.000828
0.000822
0.000829
0.000817
0.000818
0.000841
0.000904
0.000838
0.001223
0.000875
0.000828
0.000827
0.000804
0.000820
0.001135
0.000819
0.001060
0.001434
0.001228
0.000836
0.000889
0.000883
0.000952
0.000819
0.001047
0.001320
0.001896
0.001403
0.001827
0.001123
0.001340
0.000980
0.000950
0.000958
0.000948
0.001361
0.001065
0.001121
0.001317
0.000912
0.001355
0.000819
0.000912
0.000870
0.001264
0.000819
0.000809
0.001180
0.001057
0.001315
0.000822
0.001303
0.000881
0.000820
0.000813
0.000820
0.001106
0.001420
0.001188
0.001281
0.000836
0.000827
0.000814
0.001264
0.000830
0.001231
0.000827
0.000944
0.000807
0.000831
0.000838
0.000902
0.000822
0.000820
0.001152
0.000889
0.000816
0.000904
0.000830
0.000819
0.001980
0.000873
0.000829
0.000841
0.000824
0.001056
0.000915
0.000815
0.001200
0.000898
0.000823
0.000825
0.000853
0.001193
0.000823
0.000814
0.001268
0.000852
0.000823
0.001194
0.000852
0.000837
0.001014
0.000914
0.002442
0.000823
0.000834
0.000938
0.000909
0.000891
0.000806
0.001356
0.000885
0.000823
0.001281
0.000822
0.000832
0.001116
0.000819
0.000808
0.000937
0.000844
0.000835
0.000934
0.000838
0.001370
0.000829
0.001299
0.001053
0.001247
0.000854
0.000818
0.000814
0.000840
0.000818
0.000898
0.000846
0.001290
0.000805
0.000831
0.001202
0.000824
0.000821
0.001596
0.001090
0.001314
0.000818
0.000835
0.000833
0.001073
0.000822
0.000822
0.001537
0.000959
0.000895
0.001366
0.000832
0.000844
0.000821
0.000820
0.000816
0.000957
0.000839
0.001072
0.000825
0.001266
0.000832
0.000826
0.000816
0.001077
0.000847
0.001086
0.002318
0.000870
0.000823
0.001071
0.001381
0.000838
0.000848
0.001212
0.000822
0.000836
0.000823
0.000842
0.001077
0.001065
0.001378
0.000817
0.000830
0.000824
0.001104
0.000844
0.000938
0.001116
0.000938
0.000820
0.001419
0.001366
0.000979
0.001008
0.001199
0.000858
0.001178
0.000863
0.000849
0.000945
0.001263
0.000934
0.001079
0.000998
0.001323
0.000817
0.000828
0.000870
0.001075
0.001124
0.001314
0.000821
0.000873
0.000834
0.001028
0.001257
0.000846
0.001119
0.000859
0.001149
0.001403
0.001238
0.000838
0.000826
0.000825
0.000839
0.001095
0.001207
0.000817
0.001208
0.000969
0.001190
0.001226
0.000843
0.000828
0.000967
0.000834
0.000889
0.001279
0.000812
0.000810
0.001178
0.000946
0.000817
0.001095
0.001136
0.001105
0.001270
0.001259
0.001293
0.000916
0.001061
0.001210
0.000908
0.001227
0.000956
0.001227
0.002249
0.001308
0.000892
0.000957
0.000831
0.000819
0.000820
0.002050
0.001180
0.000827
0.000839
0.000866
0.000853
0.000943
0.000836
0.000831
0.001062
0.000839
0.000837
0.000952
0.001101
0.001275
0.000888
0.001021
0.001291
0.000823
0.000841
0.001108
0.001169
0.000831
0.001268
0.001267
0.000824
0.000827
0.000829
0.000894
0.000827
0.000836
0.001324
0.001230
0.000837
0.001068
0.001335
0.000882
0.000846
0.000827
0.001099
0.001273
0.000817
0.000831
0.000839
0.008693
0.000825
0.000811
0.000825
0.001284
0.000832
0.001227
0.001066
0.000836
0.001238
0.000824
0.000839
0.000835
0.000825
0.000838
0.000875
0.000822
0.000832
0.000987
0.000841
0.001132
0.000947
0.001272
0.000883
0.000994
0.001126
0.001295
0.000819
0.000824
0.000911
0.000972
0.001311
0.002333
0.005172
0.002128
0.001306
0.001102
0.001343
0.000820
0.000866
0.001077
0.001108
0.001280
0.000825
0.000832
0.000818
0.002064
0.001371
0.000842
0.000814
0.001037
0.000852
0.000831
0.001104
0.001456
0.000833
0.001377
0.000899
0.000811
0.000983
0.000833
0.000829
0.001148
0.000985
0.000832
0.000827
0.000825
0.000826
0.000843
0.000831
0.000838
0.000853
0.001126
0.000827
0.000825
0.000970
0.000835
0.001364
0.000820
0.001116
0.001551
0.001132
0.000812
0.000892
0.001226
0.000844
0.000858
0.001121
0.000812
0.001258
0.000833
0.000831
0.000805
0.000943
0.000848
0.000914
0.001520
0.001158
0.000864
0.001220
0.000907
0.000826
0.001269
0.000821
0.000973
0.001023
0.000809
0.000827
0.001056
0.001281
0.000819
0.000830
0.000852
0.001129
0.000834
0.000891
0.001551
0.001296
0.000822
0.000830
0.001099
0.000848
0.000980
0.001159
0.000901
0.000821
0.000839
0.000857
0.001066
0.000872
0.001337
0.000829
0.000843
0.000822
0.001035
0.000856
0.000812
0.013948
0.010151
0.010133
0.010299
0.010438
0.007967
0.006576
0.010167
0.010322
0.001088
0.001472
0.000827
0.000909
0.001195
0.000830
0.000838
0.001182
0.000952
0.000841
0.001274
0.000815
0.000869
0.001213
0.000831
0.000820
0.001049
0.000848
0.001152
0.000965
0.000839
0.000832
0.000822
0.000831
0.001383
0.001298
0.000847
0.001048
0.001157
0.001524
0.001304
0.000832
0.000822
0.000828
0.001072
0.000903
0.001236
0.000883
0.000880
0.000827
0.000819
0.000844
0.001132
0.001102
0.001336
0.000824
0.000835
0.000825
0.000977
0.000832
0.000826
0.001743
0.000829
0.001077
0.001327
0.000844
0.000971
0.000849
0.000832
0.000835
0.000929
0.001138
0.001329
0.000828
0.000840
0.000964
0.001166
0.000842
0.001239
0.001096
0.001314
0.000818
0.000853
0.000850
0.000997
0.001068
0.001496
0.000828
0.001386
0.000840
0.000818
0.001100
0.001367
0.000846
0.003428
0.005282
