0.001879
0.000859
0.000865
0.000854
0.000886
0.000957
0.001155
0.000857
0.000964
0.001298
0.000856
0.000870
0.000856
0.000871
0.000890
0.000864
0.001266
0.001416
0.001429
0.000853
0.000907
0.001418
0.000875
0.000866
0.000884
0.010712
0.010895
0.010305
0.000870
0.001344
0.000860
0.001357
0.000859
0.000860
0.000861
0.000855
0.000846
0.001179
0.001259
0.001103
0.001383
0.001079
0.002249
0.001323
0.001284
0.000928
0.000843
0.000856
0.001373
0.000852
0.001356
0.000895
0.000877
0.001331
0.000920
0.001290
0.001276
0.000855
0.001265
0.001055
0.001279
0.001000
0.000880
0.001397
0.001194
0.000856
0.001358
0.000863
0.000860
0.000863
0.000859
0.000857
0.001368
0.000920
0.000865
0.000854
0.000858
0.000866
0.000853
0.001345
0.001142
0.000848
0.001292
0.001345
0.000860
0.000856
0.000871
0.000858
0.000847
0.001251
0.001128
0.000858
0.001053
0.001668
0.001315
0.000867
0.000847
0.000861
0.001110
0.000857
0.001289
0.000848
0.001320
0.000864
0.000846
0.000894
0.000917
0.000865
0.000861
0.001228
0.001322
0.010193
0.005765
0.000880
0.001216
0.001001
0.000872
0.006180
0.000858
0.000876
0.000875
0.001399
0.000876
0.000964
0.000860
0.000968
0.000898
0.001200
0.001219
0.001076
0.001532
0.000875
0.000866
0.001459
0.000866
0.001325
0.000986
0.001714
0.001302
0.000858
0.001376
0.001553
0.001403
0.001054
0.000858
0.001364
0.000977
0.000924
0.001374
0.001559
0.001201
0.001348
0.000858
0.000869
0.000851
0.000866
0.000858
0.001269
0.001251
0.000858
0.001323
0.000859
0.000847
0.001293
0.000887
0.001375
0.000856
0.001208
0.001035
0.000873
0.000863
0.000857
0.000859
0.000868
0.000870
0.000864
0.001322
0.000888
0.000930
0.000850
0.000883
0.001396
0.000851
0.001406
0.000897
0.001254
0.000862
0.000862
0.001190
0.000867
0.000923
0.000869
0.001245
0.001310
0.000853
0.000991
0.000906
0.000858
0.000863
0.006648
0.000849
0.000859
0.000860
0.001360
0.001293
0.000856
0.001399
0.001317
0.000848
0.001131
0.001316
0.001101
0.001496
0.001292
0.000855
0.001109
0.001165
0.001235
0.001391
0.000860
0.012263
0.015514
0.010339
0.000881
0.000867
0.000855
0.001396
0.000887
0.000852
0.000857
0.000855
0.000879
0.000847
0.000856
0.000874
0.000945
0.001319
0.000861
0.000929
0.000858
0.001297
0.001300
0.000859
0.000872
0.001239
0.001269
0.001198
0.000858
0.001388
0.000859
0.000875
0.000973
0.001166
0.000883
0.000861
0.001340
0.000918
0.001333
0.000924
0.001314
0.000864
0.001202
0.001200
0.001285
0.000859
0.000855
0.000851
0.000946
0.000848
0.000854
0.000861
0.000859
0.001291
0.001321
0.000856
0.005264
0.000857
0.000856
0.000851
0.000850
0.000856
0.000857
0.001122
0.000906
0.000880
0.000860
0.000852
0.000861
0.000853
0.000882
0.002355
0.000859
0.001132
0.000855
0.000866
0.001248
0.001072
0.000860
0.000850
0.000855
0.000868
0.000864
0.001395
0.000867
0.001239
0.000856
0.001312
0.001278
0.000851
0.000855
0.001076
0.000859
0.001284
0.000851
0.001149
0.001314
0.000857
0.000851
0.000857
0.000852
0.000968
0.004371
0.000852
0.001281
0.001127
0.000867
0.000857
0.000904
0.001278
0.000895
0.000921
0.001217
0.000862
0.000860
0.001305
0.000855
0.001191
0.000861
0.000857
0.000975
0.001335
0.000866
0.001204
0.000857
0.001425
0.001290
0.000878
0.000857
0.000943
0.000865
0.000862
0.000941
0.000903
0.000866
0.001352
0.001285
0.000859
0.000865
0.001443
0.001295
0.000856
0.001138
0.000864
0.001316
0.001315
0.001208
0.000916
0.000862
0.000875
0.001330
0.000870
0.001283
0.001295
0.000852
0.001217
0.000895
0.000880
0.000870
0.000860
0.000908
0.001124
0.000881
0.000873
0.001287
0.000885
0.000863
0.000882
0.001155
0.001522
0.000852
0.000923
0.001405
0.001142
0.001252
0.000871
0.000877
0.000867
0.000855
0.000868
0.001318
0.001287
0.001337
0.000885
0.001324
0.000883
0.000889
0.001640
0.000865
0.000863
0.001290
0.000890
0.001418
0.001317
0.000857
0.000859
0.000863
0.001088
0.000926
0.000886
0.000850
0.000855
0.015726
0.010507
0.010715
0.005306
0.000892
0.000860
0.000875
0.001106
0.000858
0.001116
0.000915
0.000861
0.001036
0.000876
0.000868
0.001323
0.000847
0.000927
0.000856
0.000857
0.001392
0.001371
0.001290
0.000858
0.000905
0.000850
0.001405
0.000905
0.000877
0.000875
0.000849
0.000849
0.000879
0.000991
0.000854
0.000948
0.000910
0.000853
0.001240
0.000865
0.001211
0.000852
0.000857
0.000858
0.001319
0.000921
0.000853
0.000995
0.000860
0.000858
0.001312
0.000888
0.001171
0.001259
0.000860
0.000858
0.001165
0.000899
0.000881
0.001312
0.000942
0.000852
0.001351
0.001932
0.000905
0.000852
0.001315
0.000886
0.000869
0.001109
0.000855
0.000852
0.000985
0.000867
0.001953
0.000852
0.001366
0.001165
0.000864
0.001343
0.000875
0.000863
0.000856
0.001028
0.001922
0.001217
0.000846
0.000860
0.001228
0.001309
0.000859
0.000862
0.001103
0.000910
0.001142
0.001383
0.000859
0.000866
0.000857
0.001373
0.000867
0.000859
0.000860
0.000859
0.001329
0.001444
0.000956
0.001285
0.001009
0.000858
0.001312
0.000873
0.000865
0.000879
0.000855
0.001299
0.000861
0.005205
0.000859
0.001410
0.001085
0.000856
0.000862
0.000859
0.001301
0.000850
0.000863
0.001084
0.001438
0.001388
0.000875
0.000855
0.000854
0.000857
0.000866
0.001304
0.001883
0.000866
0.000859
0.000860
0.000862
0.001400
0.000857
0.002719
0.000850
0.000863
0.000858
0.000867
0.000911
0.001329
0.000882
0.002011
0.001174
0.001282
0.000872
0.001380
0.000850
0.001193
0.001314
0.000910
0.001586
0.001603
0.000848
0.000852
0.001425
0.001062
0.000853
0.000859
0.000860
0.000870
0.000857
0.000963
0.000856
0.001322
0.000859
0.000850
0.001274
0.000870
0.000857
0.000907
0.001369
0.000860
0.001120
0.001083
0.001499
0.000864
0.001099
0.001536
0.001198
0.001297
0.000849
0.000919
0.015347
0.010742
0.013328
0.012936
0.000862
0.000870
0.000907
0.001354
0.000865
0.001275
0.000887
0.001222
0.000869
0.000863
0.000858
0.000913
0.001380
0.000864
0.000863
0.000883
0.000861
0.000861
0.000854
0.000851
0.001294
0.000888
0.000860
0.001399
0.000865
0.000863
0.000854
0.001356
0.000883
0.001277
0.001318
0.000859
0.001194
0.001006
0.001344
0.001420
0.001325
0.001245
0.001440
0.001468
0.000954
0.000920
0.000853
0.000859
0.000883
0.000896
0.000865
0.001067
0.000867
0.001318
0.001319
0.000860
0.000870
0.001007
0.001306
0.000990
0.001715
0.000922
0.001243
0.000862
0.000885
0.001326
0.000859
0.001013
0.000863
0.001286
0.001684
0.000871
0.000871
0.001285
0.001416
0.000857
0.000894
0.000881
0.001105
0.000858
0.000932
0.000861
0.000906
0.000901
0.000895
0.000856
0.001334
0.001154
0.000900
0.000858
0.000867
0.000863
0.000881
0.000903
0.000960
0.000959
0.001253
0.000860
0.001029
0.001234
0.000859
0.001415
0.000868
0.000887
0.001312
0.000896
0.000879
0.000880
0.001201
0.001418
0.000911
0.000857
0.001157
0.000848
0.000862
0.000855
0.000955
0.000872
0.001349
0.000869
0.001124
0.001320
0.000874
0.000858
0.000878
0.001385
0.000869
0.000884
0.000868
0.000884
0.000865
0.001332
0.000855
0.000866
0.005290
0.001401
0.000866
0.001505
0.000854
0.000862
0.000860
0.000899
0.000864
0.001159
0.000866
0.000856
0.000867
0.000856
0.001062
0.000852
0.001309
0.001493
0.001336
0.000874
0.001439
0.001449
0.000854
0.000867
0.001401
0.001578
0.000865
0.000863
0.000895
0.000926
0.001231
0.001256
0.001137
0.000893
0.000865
0.000859
0.000851
0.001312
0.001220
0.000885
0.001084
0.000861
0.000863
0.001317
0.000887
0.000865
0.001162
0.000989
0.000862
0.000870
0.000858
0.001424
0.000874
0.001392
0.000860
0.000865
0.001352
0.000895
0.014228
0.012098
0.013195
0.009792
0.001335
0.001521
0.001079
0.001260
0.000872
0.001336
0.001044
0.001215
0.001300
0.000864
0.000909
0.000867
0.000862
0.000876
0.001123
0.000857
0.000893
0.001210
0.000854
0.000854
0.000886
0.000865
0.001242
0.000860
0.001320
0.000868
0.001328
0.001267
0.000851
0.001416
0.000895
0.001375
0.001307
0.000875
0.000856
0.001037
0.000854
0.001268
0.000860
0.001399
0.001196
0.001110
0.001292
0.001135
0.001166
0.000859
0.000908
0.001448
0.000851
0.000855
0.001025
0.000863
0.000879
0.000869
0.000873
0.000857
0.000896
0.000859
0.000855
0.001184
0.000923
0.000974
0.001335
0.000880
0.001379
0.000857
0.000868
0.000861
0.000884
0.000934
0.000879
0.000865
0.001334
0.001338
0.001097
0.000888
0.000859
0.000862
0.000929
0.000872
0.000862
0.001548
0.000871
0.000876
0.000867
0.000868
0.000920
0.000876
0.000937
0.001340
0.001354
0.000856
0.000869
0.001337
0.001410
0.001131
0.000876
0.001271
0.000999
0.000863
0.000850
0.000870
0.000863
0.000862
0.000867
0.000851
0.000866
0.001281
0.000856
0.001036
0.001303
0.001476
0.001015
0.000855
0.001325
0.000913
0.000862
0.001268
0.000872
0.001290
0.000868
0.001207
0.000880
0.000858
0.001248
0.001322
0.000858
0.001258
0.001322
0.000856
0.000869
0.000884
0.000859
0.000870
0.001512
0.001315
0.000869
0.000852
0.001307
0.000866
0.000860
0.001100
0.001000
0.000862
0.000846
0.000861
0.000858
0.000913
0.000841
0.001129
0.000892
0.000862
0.001417
0.001440
0.000872
0.000875
0.001380
0.001380
0.000859
0.000911
0.000869
0.000865
0.000855
0.000865
0.001286
0.000932
0.001249
0.001293
0.000874
0.000876
0.000856
0.000863
0.000855
0.001423
0.000848
0.000858
0.000861
0.000863
0.001182
0.001325
0.001523
0.000861
0.000845
0.000859
0.001141
0.000873
0.000867
0.000846
0.000887
0.000860
0.000867
